4202002117   1152412589
234172997   3779706121
3116693361   2201546056
2078170358   3672737511
4044670547   1593528082
1747426725   146260613
3948118623   602457599
683534591   4219373036
4272548351   3430517697
1773733603   3567227837
786616716   4145739991
1486484324   1887929301
2709247660   4857566
146863012   2337043723
1662942630   1880937320
47687642   1018960300
297935182   682914078
731407063   2069562030
990533598   2684698489
1178380289   2098350392
3342087376   2143598408
1786709832   527508979
3682667788   144618647
3859019113   2657640294
3844893119   1624403657
4070238040   391135820
2473326836   1696581934
2882680871   3833036931
3786032882   1571897117
2335192632   565232078
611114229   1705139464
2235272574   2876903196
2276779848   3021762292
771593357   1202645612
398192396   1383633324
792497468   3381934450
2995315615   1818272003
3489149922   2416204582
2819921009   3073662918
1832500022   2572018275
122214843   867000053
18406219   877663842
2812648752   3095528341
2274697742   2069665227
1961450268   574486021
736816610   3106454140
529577179   3273178455
773184309   374424936
552106317   2708813669
2574429392   936612587
1318942270   859425529
2383065497   2446847087
1843600846   311544600
2353151243   726242253
3196841925   3058239182
3352225397   916349542
643047945   2161512565
4122055515   3573491476
3664000443   992766496
3521602182   2420078321
1945710990   2565861078
4088595697   659477001
3489508958   3877641093
1026543447   2261817090
2950285394   3546141560
3647169541   2890505814
3233659074   3961017201
3863905739   1676953454
2272325975   3944626547
2882742690   864715397
326667920   2881110158
2851917301   3522531184
628161966   181335455
3110157077   2671820581
3875528538   17332148
1595890547   1124792234
301062051   1742969579
186076160   553351737
2219231547   3964540970
669695743   455584110
3174292053   3158278751
2618572455   1613272281
2148295089   3640768952
2882526906   22751119
647774479   1291796123
1968435273   4234730346
198400404   799243488
2351259089   656980703
3407873273   646726070
661948108   382476744
2957286218   3182194652
4269521380   1059784309
1389768815   2780757068
894682647   1569873036
1084066461   833859916
3579109726   589833353
346042353   3246954069
3332642285   4034379434
1123408626   265936562
3246591263   390213294
